Map name: Double Full Test Map
Number of simulations: 24
Random seed used: 1409165138
Mouse Escapes: 0
Mouse Eaten: 10
Mouse Drowns: 11
Mouse Starves: 3
Tile Frequency Map: 
Each number represents the number of times the mouse visited the tile.
   0   0   0   0   0   0   0   0   1   2   0   0   0   0   0   0   0   0   0   0
   0   0   0   0   0   0   0   2   3   3   1   0   0   0   0   0   0   0   0   0
   0   0   0   0   0   1   1   2   4   3   0   0   0   0   0   0   0   0   0   0
   0   0   0   1   2   2   0   2   6   5   2   2   0   1   1   0   0   0   0   0
   1   2   1   0   0   2   1   9   9   6   2   2   4   2   2   0   0   0   0   0
   0   1   4   4   3   5   8  17  17  10   3   6  15   7   7   0   2   2   2   0
   0   0   1   2   5  10  16  23  25  24  15  15  20  11  16   9   5   2   3   1
   0   0   0   0   3   5  10  19  16  25  27  23  17   9  13  10   7   7   5   1
   0   0   0   0   4   1   3   8  10  20  27  42  21  12   9   7   3   4   4   2
   0   0   0   1   4   1   0   3   6  10  17  30  18  16   7   3   2   0   0   0
   0   0   0   0   0   0   1   4   2   7  11  24  25  16   3   1   3   1   1   0
   0   0   0   0   0   0   2   4   2   5   5  13  13  11   5   2   6   4   2   1
   0   0   0   0   0   0   2   6   6   4   1   6   8   9   1   3   8   5   0   0
   0   0   0   0   0   0   1  10  13   8   3   5   9  10   1   4   5   4   0   0
   0   0   0   0   0   2   5   6   3   5   8   8  10   7   4   4   0   0   1   0
   0   0   0   0   0   0   1   2   2   2   9   8   7   8   2   1   2   1   2   1
   0   0   0   0   0   0   1   1   1   0   2   3   1   4   1   1   2   0   0   0
   0   0   0   0   0   0   1   1   0   0   0   1   0   1   1   2   2   0   0   0
   0   0   0   0   0   0   0   0   0   0   0   1   1   1   0   0   1   1   0   0

