Map name: Double Full Test Map
Number of simulations: 100
Random seed used: 1405961888
Mouse Escapes: 5
Mouse Eaten: 25
Mouse Drowns: 54
Mouse Starves: 16
Tile Frequency Map: 
Each number represents the number of times the mouse visited the tile.
   0   0   0   0   1   1   3   1   0   2   4   1   1   0   2   1   2   1   0   0
   0   0   1   5   4   8  12   6   5   7  14  11   8   4   4   6   6   1   0   0
   1   3   3  10  10  14  12  10  16   9  13  13   9   4   4  10  11   3   1   0
   0   4   6   7  10  19   6  14  24  22  16   7  18  13   7  11  13   9   3   0
   0   2   4  10  11  18  19  25  22  31  30  22  33  19  14  11  12  10   8   2
   1   2   5   8  11  15  21  34  31  50  51  38  38  33  18  15  14  10   8   1
   1   2   8   9  11  14  22  34  54  77  85  73  36  38  15  16   8   2   2   0
   1   4   8  11  14  18  28  36  62  94 130  94  45  51  37  35  17   6   6   2
   1   3  10  18  16  17  31  42  72 139 157 139  88  54  33  32  22  14   9   3
   3   4  10  14  17  21  25  33  72  92 126 105  97  58  35  31  29  22  11   2
   1   2   1   5  13  14  15  23  65  74  83  53  48  43  42  29  15  12   6   3
   0   2   4   7  10   6  10  22  43  45  49  35  28  28  28  21  13  10   3   2
   0   2   4   4   8   4   8  20  24  36  42  34  21  17  15  11  10   5   1   1
   0   1   3  10  13  10  10  16  17  28  35  29  22  12  10   6   8   3   2   2
   0   2   2   4   8   9   6  14  17  20   9  11  12  12  11   8   5   2   2   0
   0   2   2   5   8   9   6   8  14  21  16  13  12   9   7   2   1   1   2   1
   0   1   1   2   4   8  12  13  16  15  14  11  14   9   6   6   5   1   0   0
   0   0   1   2   7   8  14  12   9   4   6   8  18  10   5   3   1   1   0   0
   0   0   1   1   5   4   6   2   5   4   4   5  11   6   4   2   1   1   0   0

