Map name: Double Full Test Map
Number of simulations: 71
Random seed used: 1405961873
Mouse Escapes: 3
Mouse Eaten: 24
Mouse Drowns: 29
Mouse Starves: 15
Tile Frequency Map: 
Each number represents the number of times the mouse visited the tile.
   0   1   2   1   0   1   0   0   2   1   1   3   0   0   1   1   0   1   0   0
   0   1   3   6   3   7   3   4   5   3   5   5   3   5   4   2   1   1   0   0
   0   0   0   7   4   8   6  10   8   1   5   7  12  10   4   4   4   6   2   0
   0   1   1   6   4   3  10  21  22   9  12  11  14  13   5   6   6   9   2   1
   1   1   2   5   5   9  11  21  27  17  19  25  31  20   9   6   6  10   4   1
   0   0   1   3   5  11   8  23  30  28  23  40  48  32  19  13   8   6   5   1
   0   0   1   2   3  10  18  24  33  39  34  60  60  56  38  21  14   5   4   1
   0   0   0   0   1   8  22  23  50  74  86  82  60  58  39  20  14   5   4   1
   0   0   0   1   4  12  22  27  54  86  84 102  59  43  30  24  15   9   6   0
   0   0   0   0   5  19  22  36  65  79  90  83  50  37  29  26  11   3   3   1
   0   0   1   2  10  24  27  32  45  44  57  53  37  37  31  17   8   3   1   0
   0   1   2   4  17  19  21  29  30  34  49  50  40  31  21   7   5   4   1   0
   0   0   5   7  14  11   7  13  16  27  35  41  32  29  24   6   7   5   2   0
   0   0   5   6  11   6   5   8   4  10  23  31  18  15  17   5   4   2   0   0
   0   0   1   1   6  10  10   7   4  11  22  27  20  13  11   2   1   3   2   0
   0   0   1   1   2   7   3   4   3   3  11  13  19  18  10   2   1   2   1   1
   0   0   1   0   1   3   1   8   5   7   8   7   7   9   8   2   0   1   0   0
   0   0   1   0   2   2   0   6   5   7   6   3   3   7   7   4   0   2   2   0
   0   0   1   1   0   0   1   1   1   0   3   2   4   7   3   2   0   1   1   0

