Map name: Double Full Test Map
Number of simulations: 10
Random seed used: 1406055129
Mouse Escapes: 0
Mouse Eaten: 3
Mouse Drowns: 6
Mouse Starves: 1
Tile Frequency Map: 
Each number represents the number of times the mouse visited the tile.
   0   0   0   0   0   0   0   0   0   1   0   0   0   0   1   1   0   0   0   0
   0   0   0   0   0   0   0   1   1   1   0   0   0   1   1   3   1   0   0   0
   0   0   0   0   0   0   1   1   0   0   1   0   0   2   2   2   1   0   1   0
   0   0   0   0   0   0   1   1   2   2   2   0   0   4   8   5   4   3   5   1
   0   0   0   0   0   0   0   1   5   5   1   0   1   3   6   7   3   5   4   0
   0   0   0   0   0   0   0   3   7   7   3   1   2   5   9   7   1   2   0   0
   0   0   0   0   0   0   1   4   7   5   6   8  12   5   7   3   1   0   0   0
   0   0   1   2   2   1   3   4   4   6  10  13  19   7   5   2   1   0   0   0
   0   0   3   5   2   1   1   4   9  13  14  15   9   5   4   1   2   2   0   0
   0   0   1   3   1   1   3   4  12  13  17  16   8   7   7   1   0   2   2   0
   0   0   0   0   0   1   4   3  12  12  10  12  11  10   8   3   2   1   1   0
   0   0   0   0   1   2   5   3   7   8   6   6   7   7   3   1   2   2   1   0
   0   0   0   0   2   4   3   3   5   7   5   5   3   3   3   2   2   3   3   1
   0   0   0   0   1   3   0   0   2   2   2   4   5   6   2   1   0   0   1   0
   0   0   0   0   1   2   1   1   2   1   0   2   3   4   2   1   0   0   0   0
   0   0   0   1   1   1   2   1   1   1   0   0   0   1   2   1   0   0   0   0
   0   0   0   1   0   0   2   2   0   0   1   1   2   4   3   1   0   0   0   0
   0   1   1   1   0   0   0   0   0   0   1   1   1   1   1   1   0   0   0   0
   1   1   0   0   0   0   0   0   0   0   0   0   0   1   1   0   0   0   0   0

