Map name: Double Full Test Map
Number of simulations: 1000
Random seed used: 1408895116
Mouse Escapes: 48
Mouse Eaten: 265
Mouse Drowns: 498
Mouse Starves: 189
Tile Frequency Map: 
Each number represents the number of times the mouse visited the tile.
   0   3   3   4   8   9  11  12  20  20  27  20  19  11  15   7  10   5   4   0
   1   6  15  25  29  31  41  53  67  67  78  75  63  47  43  29  23  21  10   4
   4  13  23  44  52  62  83 114 135 148 165 137 148 126 104  69  38  34  12   3
   2  19  40  64  74 110 154 189 201 222 278 266 265 222 160 107  79  55  21   6
   6  22  35  64  91 158 210 242 287 326 361 387 373 298 224 145 120  92  42  14
   7  30  62 101 112 204 267 320 415 527 578 526 473 387 275 182 122  85  42  10
  12  36  63 119 165 255 311 409 579 703 795 690 544 443 324 243 148  96  33   4
  10  39  72 122 169 266 377 463 661 948 1195 900 662 525 345 235 155 115  42  13
  15  35  63 122 164 238 361 531 754 1218 1276 1257 815 536 341 252 189 130  53  13
   7  37  72 126 163 262 343 474 632 903 1240 1003 724 505 351 283 204 134  69  11
   8  36  71 119 151 234 287 372 506 617 748 745 605 470 372 258 187 139  67  16
   8  26  54 103 132 185 244 264 356 506 564 572 483 403 330 217 154 102  44  12
  10  30  50  85 120 159 199 232 318 384 397 387 329 307 281 200 158  94  41  11
   0  15  30  57  88 121 136 181 258 278 280 284 247 237 193 141 105  64  35  14
   6  14  24  35  68 108  94 103 151 185 196 203 186 203 143 104  81  56  39   7
   2   7  17  27  51  67  76  99 119 111 126 134 115 111  87  68  72  52  32   7
   3   9  12  21  40  41  59  65  72  66  64  74  79  74  63  37  48  38  18   8
   3   5  10  24  31  40  46  31  47  51  51  53  57  44  42  24  28  23  11   5
   1   2   5   7   6  16  25  16  33  35  25  25  33  22  25  16  13  11   6   2

