Map name: Double Full Test Map
Number of simulations: 7
Random seed used: 1406053565
Mouse Escapes: 1
Mouse Eaten: 1
Mouse Drowns: 3
Mouse Starves: 2
Tile Frequency Map: 
Each number represents the number of times the mouse visited the tile.
   0   0   0   0   0   0   0   0   0   0   0   1   1   0   0   0   0   0   0   0
   0   0   0   0   0   0   0   0   0   1   2   2   1   0   0   0   0   0   0   0
   0   0   0   0   0   0   0   0   0   1   1   0   1   0   0   0   0   0   0   0
   0   0   0   0   0   3   4   0   0   0   1   1   1   0   0   0   0   0   0   0
   0   0   1   2   0   4   9   1   0   1   1   1   0   0   0   0   0   0   0   0
   0   0   1   4   2   5   8   4   0   1   1   3   1   0   0   0   0   0   0   0
   0   0   0   1   1   2   2   8   3   1   4   7   5   1   1   1   0   0   0   0
   0   0   0   1   5   3   3   3   1   4  16  15   8   4   2   1   0   0   0   0
   0   0   0   1   6   5   7   6   3   8  19  18  14   6   2   0   0   0   0   0
   1   1   1   5   5   3   2   4   3   3  18  12   7   0   0   0   0   0   0   0
   0   0   0   3   2   2   3   5   7  14  15  11   4   0   0   0   0   0   0   0
   0   0   0   0   0   0   3   7   8  11   3   3   1   0   0   0   0   0   0   0
   0   0   0   0   0   0   1   3   2   4   3   2   0   0   0   0   0   0   0   0
   0   0   0   0   0   0   1   3   6  13   5   2   0   0   0   0   0   0   0   0
   0   0   0   0   0   0   0   1   3  10   3   1   0   0   0   0   0   0   0   0
   0   0   0   0   0   0   0   0   1   7   3   0   0   0   0   0   0   0   0   0
   0   0   0   0   0   0   0   0   0   1   0   0   0   0   0   0   0   0   0   0
   0   0   0   0   0   0   0   0   0   1   0   0   0   0   0   0   0   0   0   0
   0   0   0   0   0   0   0   0   0   1   0   0   0   0   0   0   0   0   0   0

