Map name: Double Full Test Map
Number of simulations: 1000
Random seed used: 1408895108
Mouse Escapes: 31
Mouse Eaten: 258
Mouse Drowns: 508
Mouse Starves: 203
Tile Frequency Map: 
Each number represents the number of times the mouse visited the tile.
   0   2   4   5   9  14  16  18  21  14  24  11  14  14  20   5   6   4   4   0
   3   7  22  32  31  50  72  83  84  71  78  62  62  58  53  33  22  18  12   4
   2   7  20  46  47  79 116 151 189 185 189 158 164 141  91  64  46  41  21   5
   2  11  23  51  77 132 170 205 279 275 268 238 256 221 158 121  93  75  36   6
  11  20  36  62 102 181 229 277 345 330 384 413 368 272 214 138 127 116  47   7
   8  22  55  96 117 234 314 376 494 550 614 551 459 343 247 170 123  97  44  13
   7  24  67 112 180 283 386 440 595 698 813 721 585 455 341 265 173 105  46  12
  12  28  72 112 183 275 413 517 753 977 1222 946 671 472 339 267 194 133  50  11
  11  25  69 111 163 232 376 524 786 1215 1260 1258 777 464 352 279 201 132  56  15
   5  24  55 102 165 234 332 450 649 892 1217 980 736 496 354 269 179 104  54  11
   5  22  52  95 160 222 254 374 504 642 758 712 590 454 358 257 174 110  57  17
   7  25  57  97 118 164 208 299 413 515 559 565 455 393 333 215 145  86  45  16
  13  33  62  81  94 150 194 235 333 362 417 420 348 334 302 188 142  78  42  15
   1  21  45  59  66 109 129 175 251 262 303 311 270 253 199 144 113  65  37  11
   2  10  25  37  45  84  87 123 156 195 224 222 197 200 115  88  69  52  35   7
   4  15  21  28  41  56  61  94  97 123 143 142 127 123  84  69  65  47  31   7
   2  14  28  30  42  43  39  59  69  67  98 103  72  59  64  34  38  24  17   8
   2   6  24  27  39  36  31  38  50  44  60  64  61  47  46  15  17  15  11   2
   1   2   8   6  22  22  14  12  22  25  32  29  26  19  20  15  13   8   6   2

