Map name: Double Full Test Map
Number of simulations: 15
Random seed used: 1408895164
Mouse Escapes: 0
Mouse Eaten: 4
Mouse Drowns: 9
Mouse Starves: 2
Tile Frequency Map: 
Each number represents the number of times the mouse visited the tile.
   0   0   0   0   0   0   1   0   0   0   1   0   0   0   1   0   0   0   0   0
   0   0   0   0   0   0   1   2   1   1   1   0   0   1   1   0   0   0   0   0
   0   0   0   0   0   0   0   2   1   3   2   1   0   2   0   0   0   0   0   0
   0   0   0   0   0   1   1   2   1   2   3   3   0   3   2   1   1   0   1   1
   1   1   1   0   1   1   2   1   2   8  11   9   3   4   2   2   3   3   2   0
   0   1   4   4   2   1   4   2   3   9  11  16   9   5   1   0   0   0   0   0
   0   2   5   5   7   5   6   5   7  12  15  21  17  11   4   1   0   0   0   0
   0   2   4   4   5   4   8   3   4  14  19  14  16  16   7   3   1   1   0   0
   0   0   1   1   1   3   5   6  12  26  25  28  21  13   4   4   7   2   1   1
   0   0   0   0   0   2   4   3   6  15  27  30  21  13  13  10   9   0   0   0
   0   0   0   0   0   1   3   0   4  10  13  15  13  11  13   9   8   3   3   1
   0   0   0   0   0   0   0   1   1   3   6   8   6   6   9   4   3   3   2   1
   0   0   0   0   0   0   0   1   2   2   3   5   2   5   9   5   4   2   0   0
   0   0   0   0   0   0   0   0   0   2   6   6   1   2   4   4   2   0   0   0
   0   0   0   0   0   0   0   0   0   0   3   3   2   4   3   2   4   2   2   0
   0   0   0   0   0   0   0   0   0   0   2   1   0   2   3   5   9   2   1   1
   0   0   0   0   0   0   0   0   0   0   0   0   0   2   3   2   3   0   0   0
   0   0   0   0   0   0   0   0   0   0   0   0   0   0   0   0   0   0   0   0
   0   0   0   0   0   0   0   0   0   0   0   0   0   0   0   0   0   0   0   0

