Map name: Double Full Test Map
Number of simulations: 44
Random seed used: 1405962488
Mouse Escapes: 1
Mouse Eaten: 14
Mouse Drowns: 18
Mouse Starves: 11
Tile Frequency Map: 
Each number represents the number of times the mouse visited the tile.
   0   0   1   0   0   0   0   0   1   0   1   1   0   0   1   0   0   0   0   0
   0   0   1   1   0   0   0   1   2   1   1   1   2   4   4   0   0   0   0   0
   0   0   0   2   1   0   1   2   1   1   2   2   8   7   2   1   1   1   0   0
   0   0   0   4   2   0   3   7   6   6   7   5   7   4   1   1   3   4   1   1
   0   0   1   3   0   2   2   5   3   2  10  10  12   4   1   0   2   5   3   1
   0   0   1   1   1   6   3   7   5  10  11  15  25  10   7   4   4   6   5   1
   0   0   1   1   2   6  11  13  13  22  20  29  30  26  23  14  11   5   4   1
   0   0   0   0   1   5  14  15  27  43  53  48  31  32  24  17  13   5   4   1
   0   0   0   1   4   9  15  19  35  57  53  61  37  33  25  20  13   9   6   0
   0   0   0   0   3  14  17  25  46  54  56  51  37  31  27  22   9   3   3   1
   0   0   0   0   4  14  22  23  37  34  43  38  31  34  29  13   7   3   1   0
   0   1   2   2   9  11  18  22  27  26  34  34  31  24  20   6   5   4   1   0
   0   0   5   7  11   9   7  11  11  12  24  35  27  24  23   6   7   5   2   0
   0   0   5   5   8   4   5   7   2   3  15  28  15  14  17   5   4   2   0   0
   0   0   1   0   4   9  10   7   2   6  12  22  14  10  11   2   1   3   2   0
   0   0   1   1   2   7   3   4   2   2   5   9  13  12   8   2   1   2   1   1
   0   0   1   0   1   3   1   8   5   6   5   5   6   7   6   2   0   1   0   0
   0   0   1   0   2   2   0   6   5   6   5   3   3   6   2   1   0   2   2   0
   0   0   1   1   0   0   1   1   1   0   2   2   4   7   1   1   0   1   1   0

