Map name: Double Full Test Map
Number of simulations: 1000
Random seed used: 1408895096
Mouse Escapes: 23
Mouse Eaten: 255
Mouse Drowns: 505
Mouse Starves: 217
Tile Frequency Map: 
Each number represents the number of times the mouse visited the tile.
   0   3   4   7   9  16  22  18  22  15  25   9  13  17  16   5   6   6   3   0
   3   8  18  28  33  69  91  84  89  75  83  66  70  68  52  33  18  18  12   4
   2  10  22  46  47 101 151 178 205 188 191 158 154 119 103  90  62  53  26   3
   3  13  31  61  67 136 194 244 295 275 301 262 221 200 185 148 100  81  39   7
   6  20  48  74 118 189 265 350 396 371 412 418 319 248 209 147 115 104  48   7
   9  26  62 109 150 230 327 438 548 570 610 551 426 334 262 200 138  92  49  11
   7  26  74 119 172 262 367 482 644 764 852 703 583 463 363 282 203 124  62  17
  12  31  89 134 184 249 397 565 740 982 1233 938 703 494 385 300 229 147  62  12
   4  22  85 112 163 226 361 528 742 1150 1213 1224 746 489 425 295 191 139  65  15
   8  24  56  83 128 190 314 430 626 873 1174 931 689 491 414 283 180 120  52  14
   4  15  27  62 127 191 242 354 480 632 761 680 560 446 380 266 204 134  55  16
   4  20  43  80 102 163 197 290 408 488 548 519 458 396 296 208 176 110  44  14
   7  23  45  60  89 142 165 225 326 346 401 365 346 345 252 159 135  94  49  14
   2  23  52  66  90 121 128 191 245 258 295 270 261 247 181 131 100  65  33   7
   1   9  27  44  57  91  97 142 174 212 224 181 175 160 110  98  72  55  32   6
   5  15  19  33  46  60  70  90  96 134 159 132 126 100  85  63  47  45  26   8
   2  13  25  30  35  36  41  39  52  73 116 108  77  71  67  34  33  28  19   4
   2   6  25  27  27  24  22  30  40  33  48  54  54  45  41  19  21  12  10   2
   1   1   8   9  19  24  20  20  20  19  30  27  27  25  24  16  13   6   3   1

