Map name: Double Full Test Map
Number of simulations: 10
Random seed used: 1406053565
Mouse Escapes: 1
Mouse Eaten: 3
Mouse Drowns: 3
Mouse Starves: 3
Tile Frequency Map: 
Each number represents the number of times the mouse visited the tile.
   0   0   0   0   0   0   0   0   0   0   0   1   1   0   0   0   0   0   0   0
   0   0   0   0   0   0   0   0   0   1   2   2   1   0   0   0   0   0   0   0
   0   0   0   0   0   0   0   0   0   1   1   0   1   0   0   0   0   0   0   0
   0   0   0   0   0   3   4   0   0   0   1   1   1   0   0   0   0   0   0   0
   0   0   1   2   0   4   9   4   2   3   1   1   0   0   0   0   0   0   0   0
   0   0   1   4   2   5  10  10   3   3   1   3   1   0   0   0   0   0   0   0
   0   0   0   1   1   2   3  12   9   5   5   7   5   1   1   1   0   0   0   0
   0   0   0   1   5   3   3   5   3   7  19  15   9   5   2   1   0   0   0   0
   0   0   0   1   6   5   7   7   3  11  24  22  18   8   2   0   0   0   0   0
   1   1   1   5   5   3   2   5   5   5  22  17   8   0   0   0   0   0   0   0
   0   0   0   3   2   2   3   5   7  17  19  16   4   0   0   0   0   0   0   0
   0   0   0   0   0   0   4   8   8  14   8   7   1   0   0   0   0   0   0   0
   0   0   0   0   1   2   3   4   5   7   5   3   0   0   0   0   0   0   0   0
   0   0   0   2   1   2   3   4   9  15   7   3   0   0   0   0   0   0   0   0
   0   0   0   2   3   3   1   1   3  10   4   1   0   0   0   0   0   0   0   0
   0   0   0   3   4   2   2   0   1   9   6   1   0   0   0   0   0   0   0   0
   0   0   0   4   4   2   2   0   0   3   3   0   0   0   0   0   0   0   0   0
   0   0   0   0   0   0   0   0   0   1   1   0   0   0   0   0   0   0   0   0
   0   0   0   0   0   0   0   0   0   1   0   0   0   0   0   0   0   0   0   0

