Map name: Double Full Test Map
Number of simulations: 1000
Random seed used: 1408367015
Mouse Escapes: 38
Mouse Eaten: 258
Mouse Drowns: 498
Mouse Starves: 206
Tile Frequency Map: 
Each number represents the number of times the mouse visited the tile.
   0   3   4   5   8  11  18  13  23  22  28  14  16  14  12   8  10   6   2   0
   1   6  10  18  29  51  66  65  83  77  82  73  68  57  38  31  20  20   7   3
   5  16  26  45  50  86 121 145 162 155 171 150 154 119 113 101  62  49  18   3
   4  21  50  77  72 125 180 239 252 229 308 286 263 222 192 152 100  70  29   7
   4  27  62  89 112 167 239 302 345 360 407 412 349 288 228 155 106  82  47  15
   8  32  72 113 150 206 273 369 477 558 594 541 448 378 295 202 123  72  49  11
  11  32  73 127 179 255 312 450 623 751 819 681 562 447 327 249 162 107  51  12
  10  35  95 151 189 249 371 526 663 953 1216 938 697 529 374 252 173 116  46  10
   7  33  98 141 170 237 346 535 727 1170 1219 1254 792 553 400 244 163 131  55  12
   9  36  64  95 132 218 327 460 630 875 1160 966 700 525 409 280 186 142  61  14
   6  29  44  78 133 213 278 370 498 598 743 721 584 473 401 259 194 147  57  13
   7  25  53  87 108 183 239 283 365 467 535 514 471 416 310 207 174 122  45  10
   5  17  38  57 109 158 194 249 326 368 367 327 330 327 245 170 145 105  53  13
   2  15  39  61 110 148 167 209 258 282 280 250 254 239 180 138 101  70  40  13
   4  12  30  43  77 131 121 138 181 202 204 162 148 154 125 115  82  58  32   7
   2   7  17  30  48  71  89  93 109 112 135 113  90  78  77  61  49  47  23   8
   3   4   6  21  31  36  62  35  49  68  79  78  69  72  54  32  41  40  20   4
   2   4  11  22  15  27  38  21  37  37  30  33  37  33  32  23  28  17  11   3
   1   2   6  10   5  16  26  21  29  22  17  22  27  18  19  11  11   6   3   1

