Map name: Double Full Test Map
Number of simulations: 1000
Random seed used: 1408366694
Mouse Escapes: 44
Mouse Eaten: 263
Mouse Drowns: 492
Mouse Starves: 201
Tile Frequency Map: 
Each number represents the number of times the mouse visited the tile.
   0   4   2   4   5  12  13  11  20  20  24  19  21  10  12   9   9   4   4   0
   1   7  14  22  30  47  48  58  67  68  75  80  65  49  35  28  19  17  12   3
   4  16  30  44  50  71  93 124 139 158 172 154 138 108  97  78  51  44  21   3
   2  18  44  66  68 101 155 200 212 230 295 287 232 190 160 108  77  60  24   6
   3  23  40  60  80 152 222 260 299 324 362 399 326 252 199 144 105  84  37  13
   8  32  58  91 115 187 255 319 418 533 563 524 424 338 260 187 117  76  40  10
  14  39  62 110 160 235 313 437 602 758 793 682 557 449 337 239 137  95  40   8
  11  43  81 130 185 249 367 514 673 956 1167 887 701 547 363 233 140 111  48  15
  11  37  75 134 176 236 358 570 767 1157 1214 1229 816 538 374 250 166 123  52  13
  10  44  74 129 159 234 340 494 677 901 1213 963 699 491 369 260 192 142  66  14
   9  33  58 114 163 233 297 400 547 629 772 746 600 465 384 258 196 138  52  14
   5  21  52 112 137 194 243 286 394 498 570 568 497 418 324 212 152  95  31   6
   7  23  50  87 128 167 190 233 326 382 408 367 339 324 278 199 164  97  41  12
   1  12  33  67 114 143 153 189 266 282 294 274 242 240 193 160 126  70  32  12
   5  12  25  43  77 115 109 114 163 207 232 213 177 185 141 131 101  68  38   8
   2   5  19  34  57  71  88 114 131 133 154 142 109  98  84  72  66  59  32   8
   3   8  14  23  39  44  71  67  66  67  71  73  69  69  53  36  47  42  19   4
   3   6  12  28  29  36  45  30  43  46  42  46  49  37  32  26  28  16  10   4
   1   2   6  11   8  17  30  23  32  34  22  24  35  26  23  18  12   7   4   1

