Map name: Double Full Test Map
Number of simulations: 1000
Random seed used: 1406055818
Mouse Escapes: 33
Mouse Eaten: 252
Mouse Drowns: 517
Mouse Starves: 198
Tile Frequency Map: 
Each number represents the number of times the mouse visited the tile.
   0   2   4   6   8  16  20  19  22  15  29  11  13  17  21   5   8   5   3   0
   3   7  21  28  29  54  76  79  85  75  82  61  64  64  55  35  22  20  11   4
   2   8  19  44  47  79 118 153 200 196 189 154 158 139  95  74  48  42  20   4
   3  14  27  54  80 133 178 222 289 270 263 231 244 221 171 135  96  74  38   7
   8  19  45  67 111 193 255 314 376 355 404 405 359 277 225 143 124 112  49   7
  10  26  65  97 123 243 334 419 517 557 633 539 449 352 263 187 133  99  45  11
   8  27  78 113 164 280 390 459 606 715 836 687 561 448 343 269 193 108  45  12
  11  32  80 109 157 258 398 509 743 988 1215 906 655 470 352 281 212 134  52  10
   9  18  65  93 145 227 357 524 782 1239 1243 1234 759 474 362 286 207 150  66  16
   4  17  52  95 147 221 315 435 621 899 1228 995 724 492 352 287 190 128  62  12
   5  18  37  81 130 195 242 359 478 635 758 699 573 447 342 252 191 137  71  20
   6  23  50  91 107 148 197 285 396 500 543 545 437 381 301 201 161 104  53  18
  11  31  54  77  93 132 177 227 325 352 403 417 332 328 273 163 136  87  44  12
   2  27  50  58  68  97 108 171 243 261 295 296 252 239 199 135 103  61  35  11
   2  11  29  39  50  84  79 122 155 194 211 198 189 183 115  87  64  42  29   5
   5  16  21  28  42  56  56  75  84 119 138 131 130 118  90  72  61  40  27   7
   2  14  26  28  37  35  28  40  61  72 106 113  81  64  68  37  36  23  16   7
   2   6  24  24  30  28  23  34  50  44  60  71  64  51  47  16  17  15  11   2
   1   2   8   5  18  23  15  14  22  24  31  31  26  18  20  14  12   7   6   3

