Map name: Double Full Test Map
Number of simulations: 10
Random seed used: 1406053558
Mouse Escapes: 1
Mouse Eaten: 0
Mouse Drowns: 7
Mouse Starves: 2
Tile Frequency Map: 
Each number represents the number of times the mouse visited the tile.
   0   0   0   0   0   1   1   0   0   0   0   1   0   0   0   1   0   0   0   0
   0   0   0   0   0   1   3   3   2   1   0   1   1   3   1   2   1   0   0   0
   0   0   0   0   0   0   3   5   4   1   0   1   6   7   1   3   3   1   0   0
   0   0   0   0   0   0   1   1   2   2   1   3   4   3   1   3   3   2   1   1
   0   0   0   0   0   4   5   4   2   6   6   8   3   2   0   3   5   2   0   0
   0   0   0   0   0   6   6   6   4   8   7  10  11   7   2   7   7   0   0   0
   0   0   0   0   0   6   9   6   4   5  10  18  17  13  12   6   4   0   0   0
   0   0   1   2   0   3   6   4   5   8  16  20  13  15  16   3   1   0   0   0
   0   0   0   3   3   4   4   2   4  11  18  24  15   9   7   3   0   0   0   0
   0   0   1   5   3   3   4   2   2   4  11  16  12   6   2   2   0   1   0   0
   0   0   0   3   3   3   1   0   0   1   5   6   8   5   3   2   2   4   2   1
   0   0   0   0   1   2   3   1   3   4   5   6  10   6   6   4   2   3   2   0
   0   0   0   0   0   1   3   0   1   2   3   4   3   0   1   1   1   0   0   0
   0   0   0   0   0   0   0   0   0   0   3   2   1   0   0   0   1   1   0   0
   0   0   0   0   0   0   0   0   0   0   2   1   1   0   0   0   0   1   1   0
   0   0   0   0   0   0   0   0   0   0   0   0   1   1   1   0   0   0   1   0
   0   0   0   0   0   0   0   0   0   0   0   0   0   0   2   0   0   0   1   0
   0   0   0   0   0   0   0   0   0   0   0   0   0   0   2   0   0   0   1   1
   0   0   0   0   0   0   0   0   0   0   0   0   0   0   1   0   0   0   0   0

