Map name: Double Full Test Map
Number of simulations: 1000
Random seed used: 1408895100
Mouse Escapes: 32
Mouse Eaten: 258
Mouse Drowns: 510
Mouse Starves: 200
Tile Frequency Map: 
Each number represents the number of times the mouse visited the tile.
   0   2   4   5   9  14  17  17  21  15  24  11  13  14  21   6   6   3   4   0
   3   7  22  32  31  50  73  82  82  71  78  63  61  57  53  33  20  17  12   4
   2   8  21  48  48  80 119 155 187 184 185 158 165 138  88  63  44  39  21   4
   3  14  25  51  76 128 167 203 272 278 268 238 252 218 156 115  92  72  35   6
   8  16  32  59 101 176 228 281 346 328 380 407 364 276 217 137 123 109  45   7
   8  22  54  95 116 227 307 380 497 549 615 556 463 344 241 168 124  97  43  13
   7  24  70 108 161 274 377 448 599 703 828 737 589 454 340 255 173 106  46  12
  13  30  76 106 170 272 405 525 756 981 1235 948 667 469 348 272 203 135  51  12
  10  23  69 109 158 233 368 530 793 1210 1264 1254 767 458 359 295 211 132  56  15
   6  19  51 101 152 234 324 445 634 886 1223 980 728 493 349 272 185 108  57  13
   6  20  47  92 148 218 247 370 494 650 765 710 580 446 348 253 175 113  58  17
   8  26  53  94 116 170 206 297 409 511 560 565 456 387 327 214 145  86  43  15
  13  34  63  82  93 147 190 239 335 366 423 419 339 328 296 185 143  81  41  14
   2  22  46  60  67 104 130 186 252 270 316 314 262 247 196 144 112  62  33  11
   2  10  25  37  47  86  90 131 158 200 234 228 196 196 114  90  70  50  33   7
   4  15  21  28  43  57  65  98 101 126 147 149 128 124  84  69  64  46  31   7
   2  14  28  30  44  45  42  63  75  71  99 107  75  61  64  34  36  22  17   8
   2   6  24  27  39  37  32  41  51  45  60  63  61  49  47  15  17  15  11   2
   1   2   8   6  22  23  15  12  22  25  31  28  26  19  20  15  13   8   6   2

