Map name: Double Full Test Map
Number of simulations: 10
Random seed used: 1406053565
Mouse Escapes: 1
Mouse Eaten: 3
Mouse Drowns: 5
Mouse Starves: 1
Tile Frequency Map: 
Each number represents the number of times the mouse visited the tile.
   0   0   0   0   0   0   0   0   0   0   0   1   0   1   0   0   0   0   0   0
   0   0   0   0   0   0   0   0   0   1   2   2   1   1   0   0   0   0   0   0
   0   0   0   0   0   0   0   0   0   1   1   0   1   0   0   0   0   0   0   0
   0   0   0   0   0   0   0   0   0   0   1   0   1   1   0   0   0   0   0   0
   0   0   0   0   0   0   0   3   2   1   2   1   1   3   0   0   0   0   0   0
   0   0   0   0   0   0   0   8   3   2   5   5   2   5   0   0   0   0   0   0
   0   0   0   0   0   0   3  11   4   0   7  10   4   8   1   0   0   0   0   0
   0   0   0   0   0   0   3   6   6   5  16  22  17  11   1   0   0   0   0   0
   0   0   0   0   0   0   5  10   6   7  23  25  16   9   3   1   0   0   0   0
   0   0   0   1   1   2   3   9  12  11  15   7   4   4   4   4   1   3   0   0
   0   0   1   4   3   3   3   2   5   8   9   4   1   0   1   4   4   3   0   0
   0   0   3   3   4   4   4   4   4   4   6   4   0   1   5   6   6   2   0   0
   0   0   3   2   6   7   7   4   3   6   8   6   2   2   6   6   3   1   0   0
   0   0   2   3   4   5   5   4   7   8   5   3   2   1   0   0   2   1   0   0
   0   0   1   3   7   5   2   1   2   1   2   2   1   1   0   0   1   1   1   1
   0   0   2   2   3   3   1   1   0   1   3   2   2   1   0   0   0   0   0   0
   0   0   0   0   0   2   1   1   0   0   0   0   1   0   0   0   0   0   0   0
   0   0   0   0   1   3   2   1   1   0   0   1   3   1   0   0   0   0   0   0
   0   0   0   0   0   1   0   1   2   1   0   1   2   0   0   0   0   0   0   0

