Map name: Double Full Test Map
Number of simulations: 32
Random seed used: 1406055795
Mouse Escapes: 3
Mouse Eaten: 9
Mouse Drowns: 14
Mouse Starves: 6
Tile Frequency Map: 
Each number represents the number of times the mouse visited the tile.
   0   0   0   0   1   0   0   1   0   0   2   1   0   2   0   0   0   0   0   0
   0   0   0   0   1   0   0   2   4   3   3   1   1   4   1   0   0   1   1   1
   0   0   0   1   2   0   0   1   3   2   8   5   1   3   2   0   1   1   0   0
   0   0   0   3   6   6   1   3   5   4  11  11  10  10   4   2   2   0   0   0
   0   0   0   4   8  14   4   5   8   7  11  10  10  13   4   5   3   1   1   0
   0   1   7   9   5  13   6   4   7  11  11  13  16  14   3   5   3   2   2   0
   0   2   7   5   5  18  17   7  10  18  18  21  23  22   7   2   1   2   2   0
   0   0   4   3   5  11  14  11  11  24  32  29  34  31  13   8   4   1   1   0
   1   2   4   3   4   3   2   9  21  43  40  38  35  16   7  10   5   1   0   0
   0   0   3   1   2   4   4   1  14  31  40  29  20   8   7  11   9   4   2   1
   1   3   7   4   3   3   2   5  12  26  26  21  15   8  10   8   3   1   2   0
   0   1   1   2   3   4   2   5   6  22  29  22  18  13  18   8   0   1   1   0
   1   2   1   2   0   0   2   3   6  17  25  14  10  10  15  12   2   2   0   0
   0   1   0   1   0   0   0   3   7   8   8   9  10   4   3   7   3   3   2   1
   1   1   1   1   0   0   0   4   5   5   7   9   9   8   7   5   4   2   1   0
   0   0   0   0   0   0   0   2   4   3   3   5   5   5   3   2   2   0   0   0
   0   0   0   0   0   0   0   1   4   4   1   3   4   2   2   2   4   2   1   0
   0   0   0   0   0   0   0   1   4   2   2   2   5   7   4   0   2   1   1   1
   0   0   0   0   0   0   0   1   4   0   0   0   0   3   3   0   1   1   0   0

