Map name: Double Full Test Map
Number of simulations: 126
Random seed used: 1408998633
Mouse Escapes: 3
Mouse Eaten: 31
Mouse Drowns: 66
Mouse Starves: 26
Tile Frequency Map: 
Each number represents the number of times the mouse visited the tile.
   0   0   0   0   1   2   3   1   3   1   4   0   3   4   5   0   2   2   0   0
   0   0   0   0   1   7   8   3  11   8   8   4   9   9  11   4   2   3   0   0
   1   1   1   4   4   4   9  16  28  23  15  11  18  11  13  11   7   6   2   1
   1   2   3   5  10  16  24  34  35  28  26  22  28  19  18  15  11   6   4   1
   0   1  10  10  13  14  28  48  54  55  63  61  47  33  23   9   7   6   6   1
   1   3  17  13  13  22  39  51  60  80 100  79  57  54  42  32  23  10   8   1
   2   7  19  18  20  42  58  58  66 103 122  78  64  43  44  38  30  14   6   2
   1   6  14  14  20  49  59  59  85 120 133  97  86  54  43  36  26  19  11   1
   1   3   9  10  23  43  59  70  87 143 136 139  91  71  51  42  24  23  11   2
   1   3   7   5  17  29  45  66  86  99 135 118  87  74  49  49  25  20   4   0
   1   4   2   5  16  22  27  48  57  54  72  66  61  64  51  34  33  26  10   3
   1   8   8   9  16  19  13  29  40  39  40  41  46  41  33  19  30  27  13   4
   1   4   5   5   8   8  13  32  36  23  31  31  28  22  14  14  15  15  10   1
   1   4   7   5   8   6  11  25  39  26  20  17  30  25  22  12   5   9   6   1
   0   2   4   3   6  10  11  19  36  23  17  12  17  14  17  13   5   2   1   0
   1   1   1   2   3   9  13   8  12  12  11  12  13   6   8   9   7   4   2   0
   0   0   3   1   0   2   5   0   5  16  15  16   7   8   8   6   4   5   3   1
   0   0   5   3   0   3   5   5  11  13  10  11   7   8   6   1   1   4   4   0
   0   0   1   1   2   4   4   5   8   5   3   3   3   2   0   0   1   1   2   1

