Map name: Double Full Test Map
Number of simulations: 1000
Random seed used: 1406055662
Mouse Escapes: 27
Mouse Eaten: 264
Mouse Drowns: 503
Mouse Starves: 206
Tile Frequency Map: 
Each number represents the number of times the mouse visited the tile.
   0   2   4   6   8  11  22  14  26  17  27   9  15  15  17   5   7   5   1   0
   2   6  14  24  35  58  76  71  80  68  72  64  66  63  47  27  14  15   9   4
   3  11  22  42  51  89 133 147 154 157 159 142 150 120 107  78  52  42  21   4
   3  14  35  62  68 130 194 228 247 241 285 259 239 194 173 133  90  72  36  10
   6  20  46  69 107 177 250 312 343 364 401 387 310 247 212 151 107  90  42   8
   5  25  65 107 143 213 280 383 495 583 633 538 425 346 278 216 145  92  53   9
   9  29  70 119 159 251 340 479 645 769 841 678 560 447 349 277 201 123  59  16
  12  34  78 139 174 234 363 551 726 962 1237 948 718 509 388 275 219 141  56  11
   3  27  76 120 155 207 334 558 768 1169 1231 1269 809 523 409 254 194 143  59  14
   8  29  58  90 111 186 313 444 632 879 1178 962 701 518 414 290 207 138  60  18
   4  18  33  79 129 198 254 344 493 593 717 686 579 500 425 286 226 154  64  16
   5  20  41  85 100 152 204 253 352 438 502 506 477 465 341 224 196 122  43  12
   9  22  37  58  95 133 164 214 304 340 380 349 349 368 272 185 162 105  50  14
   1  21  40  55  97 113 122 182 251 272 308 300 278 270 199 153 111  70  40   9
   1   8  22  37  64 107 108 137 187 226 232 198 177 172 124 117  80  61  39   6
   4  10  19  33  40  66  75  99 121 142 160 143 116  97  84  65  51  53  30   8
   2   7  15  25  34  39  48  36  56  83 104 108  78  79  59  36  36  35  22   5
   1   5  19  26  18  18  21  19  41  41  46  50  47  41  35  22  21  13   9   1
   1   1   8  11  10  16  21  20  29  21  26  29  30  24  20  13   9   4   2   1

