Map name: Double Full Test Map
Number of simulations: 14
Random seed used: 1405961859
Mouse Escapes: 0
Mouse Eaten: 5
Mouse Drowns: 7
Mouse Starves: 2
Tile Frequency Map: 
Each number represents the number of times the mouse visited the tile.
   0   0   0   0   0   0   1   0   0   0   0   0   0   0   0   1   0   0   0   0
   0   0   0   0   1   2   2   1   1   1   0   2   3   0   0   1   0   0   0   0
   0   0   0   0   2   3   3   3   4   1   1   6   6   3   2   2   0   1   1   1
   0   0   0   0   0   4   4   5   6   4   3   8   6   4   0   2   1   1   0   0
   0   0   0   0   2  10   8   9   8   7   7   6   3   3   1   2   0   0   0   0
   0   0   0   3   2   4   5   5   6   7   6   7   5   4   3   2   0   0   0   0
   0   0   1   4   3   4   8   8   8   9  14   9   3   3   1   0   0   0   0   0
   0   1   5   6   6   2   6   7  11  13  20  11   3   5   1   0   0   0   1   1
   2   2   5   2   5   6  12  11  16  20  16  15  11  11   4   0   1   2   1   0
   1   2   5   4  13   9   8   9  10   9  10   6  16  12   8   1   1   1   0   0
   0   2   1   4  12   9   5   6   4   3   6  12  19   7   4   1   0   0   0   0
   0   2   1   0   5   5   1   5   4   5  13   8   7   4   0   1   0   0   0   0
   0   0   1   1   2   0   0   4   3   2   8   7   3   2   1   1   0   0   0   0
   0   0   0   0   0   0   0   2   4   5   3   2   2   3   2   2   1   0   0   0
   0   0   0   0   0   0   0   0   1   0   0   0   2   5   6   5   2   0   0   0
   0   0   0   0   0   0   0   0   0   0   0   0   1   2   6   5   1   0   0   0
   0   0   0   0   0   0   0   0   0   0   0   0   1   0   1   0   0   0   0   0
   0   0   0   0   0   0   0   0   0   0   0   0   0   0   0   0   0   0   0   0
   0   0   0   0   0   0   0   0   0   0   0   0   0   0   0   0   0   0   0   0

