Map name: Double Full Test Map
Number of simulations: 1000
Random seed used: 1406055761
Mouse Escapes: 44
Mouse Eaten: 263
Mouse Drowns: 489
Mouse Starves: 204
Tile Frequency Map: 
Each number represents the number of times the mouse visited the tile.
   0   4   2   4   5  12  13  10  20  20  24  19  20  10  11   9   9   4   5   0
   1   7  13  22  30  47  48  57  66  66  73  79  63  43  33  28  18  17  13   3
   4  14  27  44  50  70  92 124 139 154 164 145 138 102  95  77  48  43  20   2
   2  17  43  65  67 101 159 206 216 231 294 282 238 191 158 107  77  61  23   6
   3  22  40  60  84 161 225 263 299 327 369 398 329 253 196 138 103  85  37  13
   9  32  58  93 114 194 260 329 423 537 563 523 422 336 255 181 116  78  40  10
  13  38  61 113 162 245 323 449 614 771 787 680 548 436 326 231 135  98  40   8
  11  43  80 133 180 242 369 521 677 964 1163 886 701 538 357 233 143 115  50  15
  11  36  76 141 174 232 359 567 768 1163 1223 1243 821 546 376 255 175 126  53  13
  10  45  74 134 165 240 339 484 663 898 1220 975 705 515 376 259 192 143  67  14
   8  35  59 118 167 233 285 396 538 618 769 748 597 473 387 255 194 137  53  14
   5  22  55 117 141 192 236 282 385 487 567 569 491 416 323 208 154  95  33   6
   7  23  52  88 129 168 190 236 328 378 404 365 344 332 282 200 166  98  41  11
   0  11  34  67 113 140 146 188 271 286 294 270 244 247 197 160 125  72  33  12
   5  11  25  42  75 114 104 111 163 208 232 213 179 187 141 130 102  72  38   8
   2   6  20  34  55  71  89 114 129 133 155 142 111 103  89  74  67  66  34   8
   3   9  14  22  37  44  73  69  68  69  72  74  70  70  54  35  46  46  22   6
   4   7  12  27  28  36  45  31  44  46  43  49  51  38  32  28  30  18  11   4
   1   2   6  11   7  17  30  23  32  34  23  27  36  26  23  18  12   7   4   1

