Map name: Double Full Test Map
Number of simulations: 1000
Random seed used: 1406055809
Mouse Escapes: 44
Mouse Eaten: 258
Mouse Drowns: 512
Mouse Starves: 186
Tile Frequency Map: 
Each number represents the number of times the mouse visited the tile.
   0   2   3   4   8  11  10  13  20  21  25  18  19  13  12   7  11   4   4   0
   2   6  17  27  27  34  45  56  70  71  85  79  65  47  40  31  28  22  11   3
   3  10  20  43  48  69  92 124 159 161 176 149 150 131  99  71  40  35  14   4
   2  18  34  57  69 115 149 180 222 230 282 267 265 228 166 118  86  65  25   5
   7  23  36  71  92 154 209 239 299 295 352 389 378 281 216 137 123  98  44  14
   9  33  59  94 115 210 293 334 424 498 563 522 446 346 262 174 123  88  44  12
  10  33  64 107 164 258 336 399 573 706 793 669 517 413 307 238 155 100  36   5
  11  36  79 119 166 254 386 454 663 968 1197 872 623 492 329 253 179 122  45  13
  15  33  66 122 168 245 384 507 747 1238 1262 1234 769 490 329 267 196 133  57  14
   7  34  67 130 181 282 366 476 648 920 1221 980 702 484 340 266 200 136  70  13
   8  34  62 109 153 238 291 402 501 640 778 751 591 439 335 243 187 139  62  15
   8  25  48 101 133 201 255 304 378 505 587 590 478 379 316 222 147 104  48  13
  10  30  54  92 121 159 202 249 330 372 400 405 342 302 282 203 151  95  43  11
   0  16  31  51  71 111 140 201 274 277 264 280 262 242 191 139 106  66  31  13
   6  14  23  35  59 101  86 111 149 175 180 205 196 207 142 100  83  54  34   7
   2   8  18  28  51  63  68 102 111 110 122 128 116 117  93  69  70  48  31   9
   3  12  16  25  44  39  54  68  73  66  69  76  82  70  70  38  45  33  16   6
   3   5  15  29  41  47  48  38  53  54  58  57  64  50  51  25  24  17  11   5
   1   3  11  12  12  23  27  19  29  35  29  25  37  26  29  19  14  10   6   2

