Map name: Double Full Test Map
Number of simulations: 100
Random seed used: 1405961911
Mouse Escapes: 7
Mouse Eaten: 26
Mouse Drowns: 46
Mouse Starves: 21
Tile Frequency Map: 
Each number represents the number of times the mouse visited the tile.
   0   0   0   0   1   0   3   0   2   3   3   3   2   0   2   1   1   1   0   0
   0   1   1   0   2   5   7   8  13  11   6   8   6   7   6   8   5   6   2   0
   0   2   8   6   6  11   8  12  16  14   9   9  21  12   8  14  17  14   3   0
   1   4   8   7  12  16  18  14  24  28  29  23  26  12   8   7  14   9   3   1
   0   3  11  17  17  19  20  20  35  45  45  46  42  27  19  12  12   6   4   1
   0   1   7  13  12  28  22  29  43  50  50  61  53  36  23  16  12   3   5   2
   1   1   6  13  12  40  45  48  49  55  77  88  61  52  38  23  13   3   1   1
   0   0   6  20  26  31  38  35  47  83 119 102  61  52  39  20   6   0   0   0
   3   5  14  12  25  28  41  38  54  98 109 125  64  35  33  22  10   0   0   0
   0   4  11  22  32  49  51  35  62  88 113  74  56  35  19   9   9   0   0   0
   1   1   6  24  30  46  48  43  50  61  78  48  46  24  12  10  12   4   1   0
   0   1   5  14  16  34  41  35  39  51  50  41  47  22  13  14  17   7   0   0
   1   1   5  17  16  25  28  33  43  43  35  28  38  25  12  12  10   8   4   1
   1   1   1  10   8  12  20  23  22  20  30  34  27  17  12  10   4   3   3   1
   0   0   1   5   4   4   8  12  23  26  27  34  22   9   9   6   2   0   1   0
   0   0   0   3   7   8   6   5   8  17  24  23  15  11  10   8   8   5   2   1
   0   1   1   1   5   6   6   7   7  10   7   5   7   8  11   7   5   6   2   1
   1   1   0   0   1   1   2   0   8  14   4   3   3   6   8   2   4   6   3   0
   0   0   0   0   0   1   1   0   3   7   3   5   5   4   4   2   2   2   2   0

