Map name: Double Full Test Map
Number of simulations: 1000
Random seed used: 1408895075
Mouse Escapes: 47
Mouse Eaten: 261
Mouse Drowns: 510
Mouse Starves: 182
Tile Frequency Map: 
Each number represents the number of times the mouse visited the tile.
   0   2   4   4   9   9  12  12  21  20  27  20  24  11  12   7  12   5   4   0
   2   7  17  26  27  28  40  51  63  68  83  82  68  44  35  27  27  24  12   3
   4  13  28  51  56  70  89 116 139 154 168 148 153 127  92  68  39  38  17   5
   3  21  44  71  81 126 154 186 204 223 279 262 265 218 151 114  83  58  23   6
   8  27  44  74 103 168 213 240 287 312 360 396 379 292 221 151 119  92  42  14
  10  34  64  96 120 205 280 316 404 503 557 525 454 352 251 178 118  88  43   9
   8  31  69 122 177 257 331 409 563 689 795 693 535 413 309 241 144  91  40   5
   7  32  71 127 186 265 375 451 646 957 1224 881 647 508 333 222 144 107  51  14
  16  33  64 127 174 245 367 507 734 1226 1270 1206 784 508 319 232 187 129  57  11
   7  34  69 133 174 271 366 489 634 902 1221 970 705 495 333 257 202 130  67  11
   8  35  69 127 162 238 304 401 482 608 753 729 577 450 345 243 187 139  66  13
   9  28  58 120 145 195 248 276 347 494 553 552 467 385 320 212 146 100  48  15
  10  31  62 108 127 161 205 234 304 370 379 388 341 296 277 199 146  87  41  12
   1  19  40  60  69 105 138 182 246 273 266 279 253 223 185 141 102  61  34  13
   6  15  26  35  59 100  88  98 137 174 189 206 200 196 140 103  83  54  35   8
   3   9  21  31  49  62  70 101 113 106 119 121 108 104  80  67  69  46  30   9
   4  12  16  24  41  37  55  69  76  67  59  65  73  63  54  39  48  35  19   7
   3   6   9  22  32  39  51  38  53  52  49  50  58  44  39  24  25  17  10   4
   1   2   4   6   6  17  27  17  30  33  23  24  35  23  22  13   9   7   5   2

